Atalanta
Benevento
Bologna
Brescia
Cagliari
Carpi
Cesena
Chievo Verona
Crotone
Empoli
Fiorentina
Frosinone
Genoa
Hellas Verona
Inter
Juventus
Lazio
Lecce
Milan
Napoli
Palermo
Parma
Pescara
Roma
SPAL
Sampdoria
Sassuolo
Torino
Udinese

2014-15
Pos,Team,Pld,W,D,L,GF,GA,GD,Pts
1,Juventus,38,26,9,3,72,24,+48,87
2,Roma,38,19,13,6,54,31,+23,70
3,Lazio,38,21,6,11,71,38,+33,69
4,Fiorentina,38,18,10,10,61,46,+15,64
5,Napoli,38,18,9,11,70,54,+16,63
6,Genoa,38,16,11,11,62,47,+15,59
7,Sampdoria,38,13,17,8,48,42,+6,56
8,Inter,38,14,13,11,59,48,+11,55,
9,Torino,38,14,12,12,48,45,+3,54
10,Milan,38,13,13,12,56,50,+6,52
11,Palermo,38,12,13,13,53,55,-2,49
12,Sassuolo,38,12,13,13,49,57,-8,49
13,Hellas Verona,38,11,13,14,49,65,-16,46
14,Chievo Verona,38,10,13,15,28,41,-13,43
15,Empoli,38,8,18,12,46,52,-6,42
16,Udinese,38,10,11,17,43,56,-13,41
17,Atalanta,38,7,16,15,38,57,-19,37
18,Cagliari,38,8,10,20,48,68,-20,34
19,Cesena,38,4,12,22,36,73,-37,24
20,Parma,38,6,8,24,33,75,-42,19

2015-16
Pos,Team,Pld,W,D,L,GF,GA,GD,Pts
1,Juventus,38,29,4,5,75,20,+55,91
2,Napoli,38,25,7,6,80,32,+48,82
3,Roma,38,23,11,4,83,41,+42,80
4,Inter,38,20,7,11,50,38,+12,67
5,Fiorentina,38,18,10,10,60,42,+18,64
6,Sassuolo,38,16,13,9,49,40,+9,61
7,Milan,38,15,12,11,49,43,+6,57,
8,Lazio,38,15,9,14,52,52,0,54
9,Chievo Verona,38,13,11,14,43,45,-2,50
10,Empoli,38,12,10,16,40,49,-9,46
11,Genoa,38,13,7,18,45,48,-3,46
12,Torino,38,12,9,17,52,55,-3,45
13,Atalanta,38,11,12,15,41,47,-6,45
14,Bologna,38,11,9,18,33,45,-12,42
15,Sampdoria,38,10,10,18,48,61,-13,40
16,Palermo,38,10,9,19,38,65,-27,39
17,Udinese,38,10,9,19,35,60,-25,39
18,Carpi,38,9,11,18,37,57,-20,38
19,Frosinone,38,8,7,23,35,76,-41,31
20,Hellas Verona,38,5,13,20,34,63,-29,28

2016-17
Pos,Team,Pld,W,D,L,GF,GA,GD,Pts
1,Juventus,38,29,4,5,77,27,+50,91
2,Roma,38,28,3,7,90,38,+52,87
3,Napoli,38,26,8,4,94,39,+55,86
4,Atalanta,38,21,9,8,62,41,+21,72
5,Lazio,38,21,7,10,74,51,+23,70
6,Milan,38,18,9,11,57,45,+12,63
7,Inter,38,19,5,14,72,49,+23,62
8,Fiorentina,38,16,12,10,63,57,+6,60
9,Torino,38,13,14,11,71,66,+5,53
10,Sampdoria,38,12,12,14,49,55,-6,48
11,Cagliari,38,14,5,19,55,76,-21,47
12,Sassuolo,38,13,7,18,58,63,-5,46
13,Udinese,38,12,9,17,47,56,-9,45
14,Chievo Verona,38,12,7,19,43,61,-18,43
15,Bologna,38,11,8,19,40,58,-18,41
16,Genoa,38,9,9,20,38,64,-26,36
17,Crotone,38,9,7,22,34,58,-24,34
18,Empoli,38,8,8,22,29,61,-32,32
19,Palermo,38,6,8,24,33,77,-44,26
20,Pescara,38,3,9,26,37,81,-44,18

2017-18
Pos,Team,Pld,W,D,L,GF,GA,GD,Pts
1,Juventus,38,30,5,3,86,24,+62,95
2,Napoli,38,28,7,3,77,29,+48,91
3,Roma,38,23,8,7,61,28,+33,77
4,Inter,38,20,12,6,66,30,+36,72
5,Lazio,38,21,9,8,89,49,+40,72
6,Milan,38,18,10,10,56,42,+14,64
7,Atalanta,38,16,12,10,57,39,+18,60
8,Fiorentina,38,16,9,13,54,46,+8,57,
9,Torino,38,13,15,10,54,46,+8,54
10,Sampdoria,38,16,6,16,56,60,-4,54
11,Sassuolo,38,11,10,17,29,59,-30,43
12,Genoa,38,11,8,19,33,43,-10,41
13,Chievo Verona,38,10,10,18,36,59,-23,40
14,Udinese,38,12,4,22,48,63,-15,40
15,Bologna,38,11,6,21,40,52,-12,39
16,Cagliari,38,11,6,21,33,61,-28,39
17,SPAL,38,8,14,16,39,59,-20,38
18,Crotone,38,9,8,21,40,66,-26,35
19,Hellas Verona,38,7,4,27,30,78,-48,25
20,Benevento,38,6,3,29,33,84,-51,21

2018-19
Pos,Team,Pld,W,D,L,GF,GA,GD,Pts
1,Juventus,38,28,6,4,70,30,+40,90
2,Napoli,38,24,7,7,74,36,+38,79
3,Atalanta,38,20,9,9,77,46,+31,69
4,Inter,38,20,9,9,57,33,+24,69
5,Milan,38,19,11,8,55,36,+19,68,
6,Roma,38,18,12,8,66,48,+18,66
7,Torino,38,16,15,7,52,37,+15,63
8,Lazio,38,17,8,13,56,46,+10,59
9,Sampdoria,38,15,8,15,60,51,+9,53,
10,Bologna,38,11,11,16,48,56,-8,44
11,Sassuolo,38,9,16,13,53,60,-7,43
12,Udinese,38,11,10,17,39,53,-14,43
13,SPAL,38,11,9,18,44,56,-12,42
14,Parma,38,10,11,17,41,61,-20,41
15,Cagliari,38,10,11,17,36,54,-18,41
16,Fiorentina,38,8,17,13,47,45,+2,41
17,Genoa,38,8,14,16,39,57,-18,38
18,Empoli,38,10,8,20,51,70,-19,38
19,Frosinone,38,5,10,23,29,69,-40,25
20,Chievo Verona,38,2,14,22,25,75,-50,17

2019-20
Pos,Team,Pld,W,D,L,GF,GA,GD,Pts
1,Juventus,26,20,3,3,50,24,+26,63
2,Lazio,26,19,5,2,60,23,+37,62
3,Inter,25,16,6,3,49,24,+25,54
4,Atalanta,25,14,6,5,70,34,+36,48
5,Roma,26,13,6,7,51,35,+16,45
6,Napoli,26,11,6,9,41,36,+5,39
7,Milan,26,10,6,10,28,34,-6,36
8,Hellas Verona,25,9,8,8,29,26,+3,35,
9,Parma,25,10,5,10,32,31,+1,35
10,Bologna,26,9,7,10,38,42,-4,34
11,Sassuolo,25,9,5,11,41,39,+2,32
12,Cagliari,25,8,8,9,41,40,+1,32
13,Fiorentina,26,7,9,10,32,36,-4,30
14,Udinese,26,7,7,12,21,37,-16,28
15,Torino,25,8,3,14,28,45,-17,27
16,Sampdoria,25,7,5,13,28,44,-16,26
17,Genoa,26,6,7,13,31,47,-16,25
18,Lecce,26,6,7,13,34,56,-22,25
19,SPAL,26,5,3,18,20,44,-24,18
20,Brescia,26,4,4,18,22,49,-27,16